02801
02802
02803
02804
02805
02806
02807
02808
02809
02810
02811
02812
02813
02814
02815
02816
02817
02818
02819
02820
02821
02822
02823
02824
02825
02826
02827
02828
02829
02830
02831
02832
02833
02834
02835
02836
02837
02838
02839
02840
02841
02842
02843
02844
02845
02846
02847
02848
02849
02850
02851
02852
02853
02854
02855
02856
02857
02858
02859
02860
02861
02862
02863
02864
02865
02866
02867
02868
02869
02870
02871
02872
02873
02874
02875
02876
02877
02878
02879
02880
02881
02882
02883
02884
02885
02886
02887
02888
02889
02890
02891
02892
02893
02894
02895
02896
02897
02898
02899
02900
02901
02902
02903
02904
02905
02906
02907
02908
02909
02910
02911
02912
02913
02914
02915
02916
02917
02918
02919
02920
02921
02922
02923
02924
02925
02926
02927
02928
02929
02930
02931
02932
02933
02934
02935
02936
02937
02938
02939
02940
02941
02942
02943
02944
02945
02946
02947
02948
02949
02950
02951
02952
02953
02954
02955
02956
02957
02958
02959
02960
02961
02962
02963
02964
02965
02966
02967
02968
02969
02970
02971
02972
02973
02974
02975
02976
02977
02978
02979
02980
02981
02982
02983
02984
02985
02986
02987
02988
02989
02990
02991
02992
02993
02994
02995
02996
02997
02998
02999
03000
03001
03002
03003
03004
03005
03006
03007
03008
03009
03010
03011
03012
03013
03014
03015
03016
03017
03018
03019
03020
03021
03022
03023
03024
03025
03026
03027
03028
03029
03030
03031
03032
03033
03034
03035
03036
03037
03038
03039
03040
03041
03042
03043
03044
03045
03046
03047
03048
03049
03050
03051
03052
03053
03054
03055
03056
03057
03058
03059
03060
03061
03062
03063
03064
03065
03066
03067
03068
03069
03070
03071
03072
03073
03074
03075
03076
03077
03078
03079
03080
03081
03082
03083
03084
03085
03086
03087
03088
03089
03090
03091
03092
03093
03094
03095
03096
03097
03098
03099
03100
03101
03102
03103
03104
03105
03106
03107
03108
03109
03110
03111
03112
03113
03114
03115
03116
03117
03118
03119
03120
03121
03122
03123
03124
03125
03126
03127
03128
03129
03130
03131
03132
03133
03134
03135
03136
03137
03138
03139
03140
03141
03142
03143
03144
03145
03146
03147
03148
03149
03150
03151
03152
03153
03154
03155
03156
03157
03158
03159
03160
03161
03162
03163
03164
03165
03166
03167
03168
03169
03170
03171
03172
03173
03174
03175
03176
03177
03178
03179
03180
03181
03182
03183
03184
03185
03186
03187
03188
03189
03190
03191
03192
03193
03194
03195
03196
03197
03198
03199
03200
03201
03202
03203
03204
03205
03206
03207
03208
03209
03210
03211
03212
03213
03214
03215
03216
03217
03218
03219
03220
03221
03222
03223
03224
03225
03226
03227
03228
03229
03230
03231
03232
03233
03234
03235
03236
03237
03238
03239
03240
03241
03242
03243
03244
03245
03246
03247
03248
03249
03250
03251
03252
03253
03254
03255
03256
03257
03258
03259
03260
03261
03262
03263
03264
03265
03266
03267
03268
03269
03270
03271
03272
03273
03274
03275
03276
03277
03278
03279
03280
03281
03282
03283
03284
03285
03286
03287
03288
03289
03290
03291
03292
03293
03294
03295
03296
03297
03298
03299
03300
03301
03302
03303
03304
03305
03306
03307
03308
03309
03310
03311
03312
03313
03314
03315
03316
03317
03318
03319
03320
03321
03322
03323
03324
03325
03326
03327
03328
03329
03330
03331
03332
03333
03334
03335
03336
03337
03338
03339
03340
03341
03342
03343
03344
03345
03346
03347
03348
03349
03350
03351
03352
03353
03354
03355
03356
03357
03358
03359
03360
03361
03362
03363
03364
03365
03366
03367
03368
03369
03370
03371
03372
03373
03374
03375
03376
03377
03378
03379
03380
03381
03382
03383
03384
03385
03386
03387
03388
03389
03390
03391
03392
03393
03394
03395
03396
03397
03398
03399
03400
03401
03402
03403
03404
03405
03406
03407
03408
03409
03410
03411
03412
03413
03414
03415
03416
03417
03418
03419
03420
03421
03422
03423
03424
03425
03426
03427
03428
03429
03430
03431
03432
03433
03434
03435
03436
03437
03438
03439
03440
03441
03442
03443
03444
03445
03446
03447
03448
03449
03450
03451
03452
03453
03454
03455
03456
03457
03458
03459
03460
03461
03462
03463
03464
03465
03466
03467
03468
03469
03470
03471
03472
03473
03474
03475
03476
03477
03478
03479
03480
03481
03482
03483
03484
03485
03486
03487
03488
03489
03490
03491
03492
03493
03494
03495
03496
03497
03498
03499
03500
03501
03502
03503
03504
03505
03506
03507
03508
03509
03510
03511
03512
03513
03514
03515
03516
03517
03518
03519
03520
03521
03522
03523
03524
03525
03526
03527
03528
03529
03530
03531
03532
03533
03534
03535
03536
03537
03538
03539
03540
03541
03542
03543
03544
03545
03546
03547
03548
03549
03550
03551
03552
03553
03554
03555
03556
03557
03558
03559
03560
03561
03562
03563
03564
03565
03566
03567
03568
03569
03570
03571
03572
03573
03574
03575
03576
03577
03578
03579
03580
03581
03582
03583
03584
03585
03586
03587
03588
03589
03590
03591
03592
03593
03594
03595
03596
03597
03598
03599
03600